1:19073486328125
2:17 17 17 17 17 17 17 17 17 18 18 18 18 18 18 18 19 21 21
2:17 17 17 17 17 17 17 17 17 18 18 18 18 18 18 18 20 20 21
2:17 17 17 17 17 17 17 17 17 18 18 18 18 18 18 19 19 20 21
2:17 17 17 17 17 17 17 17 17 18 18 18 18 18 18 19 20 20 20
2:17 17 17 17 17 17 17 17 17 18 18 18 18 18 19 19 19 19 21
2:17 17 17 17 17 17 17 17 17 18 18 18 18 18 19 19 19 20 20
2:17 17 17 17 17 17 17 17 17 18 18 18 18 19 19 19 19 19 20
2:17 17 17 17 17 17 17 17 17 18 18 18 19 19 19 19 19 19 19
2:17 17 17 17 17 17 17 17 18 18 18 18 18 18 18 18 18 21 21
2:17 17 17 17 17 17 17 17 18 18 18 18 18 18 18 18 19 20 21
2:17 17 17 17 17 17 17 17 18 18 18 18 18 18 18 18 20 20 20
2:17 17 17 17 17 17 17 17 18 18 18 18 18 18 18 19 19 19 21
2:17 17 17 17 17 17 17 17 18 18 18 18 18 18 18 19 19 20 20
2:17 17 17 17 17 17 17 17 18 18 18 18 18 18 19 19 19 19 20
2:17 17 17 17 17 17 17 17 18 18 18 18 18 19 19 19 19 19 19
2:17 17 17 17 17 17 17 18 18 18 18 18 18 18 18 18 18 20 21
2:17 17 17 17 17 17 17 18 18 18 18 18 18 18 18 18 19 19 21
2:17 17 17 17 17 17 17 18 18 18 18 18 18 18 18 18 19 20 20
2:17 17 17 17 17 17 17 18 18 18 18 18 18 18 18 19 19 19 20
2:17 17 17 17 17 17 17 18 18 18 18 18 18 18 19 19 19 19 19
2:17 17 17 17 17 17 18 18 18 18 18 18 18 18 18 18 18 19 21
2:17 17 17 17 17 17 18 18 18 18 18 18 18 18 18 18 18 20 20
2:17 17 17 17 17 17 18 18 18 18 18 18 18 18 18 18 19 19 20
2:17 17 17 17 17 17 18 18 18 18 18 18 18 18 18 19 19 19 19
2:17 17 17 17 17 18 18 18 18 18 18 18 18 18 18 18 18 18 21
2:17 17 17 17 17 18 18 18 18 18 18 18 18 18 18 18 18 19 20
2:17 17 17 17 17 18 18 18 18 18 18 18 18 18 18 18 19 19 19
2:17 17 17 17 18 18 18 18 18 18 18 18 18 18 18 18 18 18 20
2:17 17 17 17 18 18 18 18 18 18 18 18 18 18 18 18 18 19 19
2:17 17 17 18 18 18 18 18 18 18 18 18 18 18 18 18 18 18 19
2:17 17 18 18 18 18 18 18 18 18 18 18 18 18 18 18 18 18 18
